start=1385.808000
volume=92.000000
fullscreen=no
sid=1
