start=290.534000
volume=90.000000
fullscreen=no
