start=427.261000
volume=84.000000
