start=264.889625
speed=1.100000
fullscreen=no
vf=format=colormatrix=%6%bt.709
sid=1
sub-scale=0.950000
