start=216.333000
pause=yes
volume=98.000000
fullscreen=no
aid=1
