start=1053.302250
volume=76.000000
fullscreen=no
