start=2969.094000
volume=74.000000
