start=1375.172000
volume=90.000000
