start=377.502125
volume=86.000000
audio-delay=0.042000
sid=1
sub-scale=2.249999
sub-ass-override=no
